costArray=[...
9.9633333333333379e-003 1.0463333333333338e-002 1.1130000000000006e-002 1.1463333333333339e-002 1.1796666666666672e-002 1.2463333333333335e-002 1.3130000000000003e-002 1.3296666666666670e-002 1.3796666666666671e-002 1.4296666666666671e-002 1.4796666666666672e-002 1.5130000000000005e-002 1.5630000000000002e-002 1.6296666666666671e-002 1.6796666666666672e-002 1.7130000000000003e-002 1.7630000000000003e-002 1.8130000000000004e-002 1.8630000000000004e-002 1.8963333333333336e-002 1.9296666666666670e-002 
9.4633333333333392e-003 9.9633333333333379e-003 1.0463333333333338e-002 1.0963333333333339e-002 1.1463333333333339e-002 1.1463333333333339e-002 1.2296666666666669e-002 1.2796666666666670e-002 1.3463333333333336e-002 1.3630000000000003e-002 1.4130000000000004e-002 1.4630000000000004e-002 1.5296666666666672e-002 1.5463333333333338e-002 1.5963333333333336e-002 1.6463333333333337e-002 1.7130000000000003e-002 1.7463333333333338e-002 1.7963333333333335e-002 1.8463333333333335e-002 1.9130000000000005e-002 
9.2966666666666718e-003 9.6300000000000049e-003 9.9633333333333379e-003 1.0463333333333338e-002 1.0963333333333339e-002 1.1463333333333339e-002 1.1796666666666672e-002 1.2296666666666669e-002 1.2963333333333335e-002 1.3463333333333336e-002 1.3630000000000003e-002 1.4296666666666671e-002 1.4963333333333337e-002 1.5296666666666672e-002 1.5463333333333338e-002 1.5963333333333336e-002 1.6630000000000002e-002 1.7130000000000003e-002 1.7463333333333338e-002 1.7963333333333335e-002 1.8463333333333335e-002 
8.6300000000000040e-003 9.2966666666666718e-003 9.6300000000000049e-003 9.9633333333333379e-003 1.0463333333333338e-002 1.1296666666666672e-002 1.1463333333333339e-002 1.1963333333333334e-002 1.2463333333333335e-002 1.2963333333333335e-002 1.3463333333333336e-002 1.3630000000000003e-002 1.4296666666666671e-002 1.4963333333333337e-002 1.5463333333333338e-002 1.5630000000000005e-002 1.5963333333333336e-002 1.6630000000000002e-002 1.7130000000000003e-002 1.7463333333333338e-002 1.7963333333333335e-002 
8.1300000000000053e-003 8.7966666666666714e-003 9.2966666666666718e-003 9.6300000000000049e-003 1.0130000000000005e-002 1.0630000000000006e-002 1.1296666666666672e-002 1.1630000000000007e-002 1.1963333333333334e-002 1.2463333333333335e-002 1.3130000000000003e-002 1.3463333333333336e-002 1.3630000000000003e-002 1.4296666666666671e-002 1.4796666666666672e-002 1.5463333333333338e-002 1.5630000000000005e-002 1.6130000000000002e-002 1.6630000000000002e-002 1.7296666666666672e-002 1.7463333333333338e-002 
8.1300000000000053e-003 8.2966666666666727e-003 8.9633333333333388e-003 9.2966666666666718e-003 9.7966666666666705e-003 1.0130000000000005e-002 1.0630000000000006e-002 1.1296666666666672e-002 1.1630000000000007e-002 1.1963333333333334e-002 1.2463333333333335e-002 1.3296666666666670e-002 1.3463333333333336e-002 1.3796666666666671e-002 1.4463333333333337e-002 1.4796666666666672e-002 1.5463333333333338e-002 1.5630000000000005e-002 1.6130000000000002e-002 1.6296666666666671e-002 1.7296666666666672e-002 
7.6300000000000057e-003 8.1300000000000053e-003 8.2966666666666727e-003 8.9633333333333388e-003 9.2966666666666718e-003 9.7966666666666705e-003 1.0130000000000005e-002 1.0796666666666671e-002 1.1296666666666672e-002 1.1630000000000007e-002 1.2130000000000002e-002 1.2463333333333335e-002 1.3296666666666670e-002 1.3463333333333336e-002 1.3630000000000003e-002 1.4296666666666671e-002 1.4796666666666672e-002 1.5463333333333338e-002 1.5630000000000005e-002 1.5963333333333340e-002 1.6463333333333337e-002 
6.9633333333333387e-003 7.6300000000000057e-003 8.1300000000000053e-003 8.6300000000000040e-003 8.9633333333333388e-003 9.4633333333333375e-003 9.9633333333333379e-003 1.0130000000000005e-002 1.0963333333333337e-002 1.1296666666666672e-002 1.1796666666666669e-002 1.2130000000000002e-002 1.2296666666666669e-002 1.2963333333333335e-002 1.3296666666666670e-002 1.3963333333333336e-002 1.4296666666666671e-002 1.4796666666666672e-002 1.5296666666666672e-002 1.5630000000000005e-002 1.6130000000000005e-002 
6.7966666666666722e-003 6.9633333333333387e-003 7.7966666666666731e-003 8.1300000000000053e-003 8.7966666666666714e-003 8.9633333333333388e-003 9.6300000000000049e-003 9.7966666666666723e-003 1.0130000000000005e-002 1.0796666666666670e-002 1.1130000000000006e-002 1.1796666666666669e-002 1.2130000000000002e-002 1.2630000000000002e-002 1.2963333333333335e-002 1.3463333333333336e-002 1.4130000000000004e-002 1.4296666666666671e-002 1.4963333333333337e-002 1.5296666666666672e-002 1.5796666666666671e-002 
6.2966666666666726e-003 6.7966666666666722e-003 7.1300000000000053e-003 7.7966666666666731e-003 8.1300000000000053e-003 8.7966666666666714e-003 8.7966666666666714e-003 9.4633333333333375e-003 1.0130000000000005e-002 1.0130000000000005e-002 1.0796666666666670e-002 1.1130000000000006e-002 1.1630000000000001e-002 1.2130000000000002e-002 1.2796666666666670e-002 1.2963333333333335e-002 1.3630000000000003e-002 1.4130000000000004e-002 1.4296666666666671e-002 1.4963333333333337e-002 1.5296666666666672e-002 
5.9633333333333387e-003 6.6300000000000065e-003 6.7966666666666722e-003 7.1300000000000053e-003 7.7966666666666731e-003 8.1300000000000053e-003 8.7966666666666714e-003 8.7966666666666714e-003 9.6300000000000049e-003 1.0130000000000005e-002 1.0296666666666671e-002 1.0796666666666670e-002 1.1463333333333334e-002 1.1796666666666669e-002 1.2130000000000002e-002 1.2796666666666670e-002 1.2963333333333335e-002 1.3630000000000003e-002 1.4130000000000004e-002 1.4130000000000004e-002 1.4963333333333337e-002 
5.6300000000000057e-003 5.9633333333333387e-003 6.6300000000000065e-003 6.7966666666666722e-003 7.2966666666666727e-003 7.7966666666666731e-003 8.2966666666666727e-003 8.7966666666666714e-003 8.9633333333333388e-003 9.6300000000000049e-003 9.7966666666666705e-003 1.0630000000000002e-002 1.0796666666666670e-002 1.1296666666666668e-002 1.1796666666666669e-002 1.2130000000000002e-002 1.2796666666666670e-002 1.2963333333333335e-002 1.3630000000000003e-002 1.4130000000000004e-002 1.4296666666666671e-002 
5.2966666666666726e-003 5.6300000000000057e-003 5.9633333333333387e-003 6.6300000000000065e-003 6.9633333333333387e-003 7.2966666666666727e-003 7.6300000000000057e-003 8.4633333333333383e-003 8.7966666666666714e-003 8.9633333333333388e-003 9.6300000000000049e-003 9.9633333333333379e-003 1.0630000000000002e-002 1.0796666666666670e-002 1.1296666666666668e-002 1.1796666666666669e-002 1.2130000000000002e-002 1.2796666666666670e-002 1.2796666666666670e-002 1.3463333333333336e-002 1.4130000000000004e-002 
4.9633333333333396e-003 5.2966666666666726e-003 5.4633333333333383e-003 6.2966666666666726e-003 6.6300000000000065e-003 6.9633333333333387e-003 7.2966666666666727e-003 7.7966666666666714e-003 8.4633333333333383e-003 8.7966666666666714e-003 9.2966666666666701e-003 9.6300000000000049e-003 9.9633333333333379e-003 1.0630000000000002e-002 1.0796666666666670e-002 1.1296666666666668e-002 1.1796666666666669e-002 1.2296666666666669e-002 1.2796666666666670e-002 1.2963333333333335e-002 1.3630000000000003e-002 
4.4633333333333400e-003 5.1300000000000061e-003 5.2966666666666726e-003 5.4633333333333383e-003 6.2966666666666726e-003 6.6300000000000065e-003 7.2966666666666727e-003 7.2966666666666727e-003 7.7966666666666714e-003 8.6300000000000040e-003 8.7966666666666714e-003 9.2966666666666701e-003 9.6300000000000049e-003 1.0130000000000004e-002 1.0630000000000002e-002 1.0963333333333334e-002 1.1296666666666668e-002 1.1463333333333334e-002 1.2463333333333335e-002 1.2796666666666670e-002 1.2963333333333335e-002 
